201
201
202
203
203
203
203
203
203
204
205
205
206
206
207
207
207
207
207
207
207
207
208
208
208
208
208
208
209
209
209
209
210
210
212
212
213
214
214
215
216
216
216
217
217
217
218
218
218
218
218
218
219
219
219
219
219
225
225
228
228
228
229
229
229
229
231
231
231
231
234
234
234
234
240
240
240
240
240
240
242
246
248
248
248
248
250
250
250
250
250
250
250
251
251
252
252
252
252
253
253
254
254
256
256
256
256
262
262
262
262
264
267
268
270
270
270
270
276
276
276
281
281
284
289
289
289
289
289
289
301
301
301
301
301
301
302
302
302
302
302
302
302
303
303
303
303
303
303
303
304
304
304
304
304
304
304
304
304
305
305
305
305
305
305
305
306
306
307
307
307
307
307
307
307
307
307
307
308
308
308
308
309
309
309
310
310
310
310
310
310
312
313
314
314
314
315
315
315
316
317
318
318
318
319
319
319
319
319
319
319
319
320
320
320
320
320
320
321
321
321
321
321
323
323
330
330
330
330
334
334
334
334
334
334
336
336
336
336
336
337
337
339
339
339
339
340
340
345
347
347
347
347
347
351
351
351
351
352
352
360
360
360
360
360
360
361
361
386
401
401
401
401
401
401
401
402
402
402
402
402
403
404
404
404
405
405
405
405
406
406
406
406
406
406
406
406
406
406
406
407
407
408
408
409
409
410
410
410
410
410
410
412
413
413
413
414
415
415
415
416
417
417
417
418
419
419
419
419
419
419
423
423
423
423
423
423
425
425
425
434
434
434
435
435
435
435
435
440
440
440
440
440
441
443
443
443
443
443
443
450
450
469
469
473
478
478
478
480
480
480
480
484
484
484
484
484
484
501
501
501
501
501
502
502
502
503
503
503
503
503
504
505
505
505
505
505
505
505
505
505
505
506
506
507
507
507
507
507
507
508
508
508
508
508
508
509
509
509
509
510
510
510
510
512
513
513
513
514
515
515
515
516
516
517
517
518
518
518
518
519
519
520
520
520
530
530
530
530
530
540
540
540
540
540
540
540
541
541
541
541
541
541
541
541
541
541
541
559
561
561
561
562
562
563
563
563
563
570
570
570
571
571
571
571
571
571
573
573
573
573
573
573
573
573
573
580
580
580
580
580
580
580
585
585
586
601
601
601
601
601
602
603
603
603
603
603
603
603
604
604
604
604
604
605
605
605
605
605
605
605
605
605
605
606
606
606
606
607
607
608
608
608
608
608
609
609
609
609
610
610
610
610
610
610
612
612
612
612
613
614
615
615
616
616
616
617
617
617
617
618
618
618
618
618
619
620
620
620
620
620
623
623
626
630
630
630
631
636
636
636
641
641
641
641
641
646
646
647
649
649
650
650
650
650
651
651
651
660
660
660
660
660
661
662
662
662
662
662
662
664
670
671
678
678
678
678
678
678
678
678
678
678
678
682
682
701
701
701
701
701
701
701
701
702
703
703
703
703
703
703
704
704
705
705
705
706
706
706
706
706
706
707
707
707
707
707
707
707
708
708
708
708
708
709
709
712
712
712
713
713
714
714
714
714
715
715
715
715
715
716
716
716
717
717
717
717
717
718
718
718
718
718
719
719
719
719
719
719
719
720
720
720
720
720
720
720
724
724
727
727
731
731
732
732
732
732
732
734
734
740
740
740
740
740
740
754
754
754
757
757
757
757
758
760
760
760
760
760
760
760
760
763
763
763
765
765
765
765
765
767
770
770
770
770
770
770
770
770
773
774
774
774
774
774
774
775
775
775
775
775
775
778
780
781
781
781
781
784
784
784
785
785
785
785
785
786
786
786
786
786
787
801
801
801
802
802
802
802
802
802
802
802
803
803
803
803
803
804
805
805
805
805
805
806
806
807
808
809
810
810
812
812
812
812
813
814
814
814
814
814
815
815
815
815
815
816
816
816
817
817
818
818
818
818
818
818
818
819
819
819
819
828
828
828
830
830
830
831
831
831
831
831
831
831
831
831
832
832
843
843
843
843
845
845
847
847
847
847
847
847
847
850
850
850
850
856
856
856
857
857
857
857
858
858
859
859
860
860
860
860
860
860
860
860
860
863
863
863
863
863
864
864
864
865
867
867
867
867
868
869
870
870
870
870
870
876
878
878
901
902
902
902
903
903
903
903
903
904
905
905
905
905
905
905
906
906
906
906
907
907
907
907
907
907
908
908
908
908
909
909
909
909
909
909
910
910
910
912
912
912
912
913
913
914
914
914
914
914
915
915
915
915
915
916
916
917
917
917
917
917
917
918
918
918
918
918
919
919
920
920
920
925
925
925
925
925
928
928
928
928
931
931
931
931
936
936
937
937
937
937
937
939
940
940
941
941
941
941
941
949
949
952
952
952
954
954
954
956
956
956
970
970
970
970
970
970
970
970
970
971
971
971
972
972
973
973
973
973
978
978
978
978
979
979
980
980
985
985
985
989
989
989
989
