    0 1 2 3 4 5 6
    A A A A A A B
A   1 2 3 4 5 6 1
B   0 0 0 0 0 0 7

X   0 1 2 3 4 5 0

    0 1 2 3 4 5 6
    A A C A A A B
A   1 2 2 4 5 6 2
B   0 0 0 0 0 0 7
C   0 0 3 0 0 3 3

X   0 1 0 1 2 2 0

    0 1 2 3 4 5 6 7
    A B A B A B A B
A   1 1 3 1 5 1 7 1
B   0 2 0 4 0 6 0 8

X   0 0 1 2 1 2 1 2

    0 1 2 3 4 5 6 7 8 9  10 11 12
    A B A A B A A A B A  A  A  B
A   1 1 3 4 1 6 7 8 1 10 11 12 1
B   0 2 0 2 5 0 2 5 9 0  2  5  13

X   0 0 1 1 2 3 4 1 2 3  4  1  2 

    0 1 2 3 4 5 6 7 8 9  10 11 12
    A B A A B C A B A A  B  C  B
A   1 1 3 4 1 3 7 1 9 10 1  3  7
B   0 2 0 2 5 0 0 8 0 2  11 0  13
C   0 0 0 0 0 6 0 0 0 0  0  12 0

X   0 0 1 1 2 0 1 2 3 4  5  6  0